% set_colors - Script to define some colors
abss1c_color = [51 204 204]/255;
abss2c_color = [51 153 153]/255; 
abss3c_color = [51 102 102]/255;

abss1f_color = [51 204 51]/255;
abss2f_color = [51 153 51]/255; 
abss3f_color = [51 102 51]/255;

abss1s_color = [204 204 51]/255;
abss2s_color = [153 153 51]/255; 
abss3s_color = [102 102 51]/255;

ac9s_color = [255 204 0]/255;
ac9f_color = [204 153 0]/255;
ac9c_color = [153 102 0]/255;

lissts_color = [255 51 51]/255;
lisstf_color = [204 51 51]/255;
lisstc_color = [153 51 51]/255;

sand_color = [255 204 0]/255;
floc_color = [153 153 51]/255;
comb_color = [51 51 51]/255;